87354
23600
94098
34357
33235
2011
18579
36729
5351
6009
51952
76109
65574
73716
80681
944
48502
31354
53642
74615
40692
96507
62304
8601
37341
16486
83198
57642
12524
3511
9635
55766
5400
76797
73945
30784
83810
8008
73965
30714
54239
70264
21763
56006
66739
34913
85868
89932
7185
98865
59346
99455
55070
86240
50247
99676
1247
37409
89143
18735
30968
98436
58005
14008
64413
81607
91737
47455
70565
30254
4295
61149
94416
47250
63298
66325
14930
87955
82364
48183
45876
84505
47105
63765
654
54145
34267
454
75331
6918
89942
54523
63986
6566
42678
26574
17480
34901
33188
76924
3251
20821
70659
41892
72023
49661
47706
44867
99309
309
80266
86109
1029
56499
32350
30873
41599
4977
75461
19253
1504
45951
56367
61045
37936
88140
75830
51903
59108
19
1714
26963
31539
24489
2605
12027
93067
59716
81111
79752
32214
74559
87573
11053
21507
65863
75872
9142
30719
37446
358
36954
89128
91533
14252
80571
85822
3862
36803
78706
12573
14181
27931
66088
15868
73555
23620
18510
59293
26318
28916
55288
30592
52632
24101
89430
41376
80033
32166
58645
98763
71913
3639
64690
73723
95290
4874
74072
97032
52322
70596
49801
91457
16358
58416
30523
27662
6776
41748
10469
99940
52069
7447
99149
2146
4733
12977
70287
21599
13461
84937
80286
15648
71136
43703
71937
43061
61404
99565
12071
82214
78606
71085
64467
73354
12132
83604
46506
36838
75384
53382
54431
16647
10567
1331
41610
98195
76838
19767
91302
45225
63317
8852
28496
24997
16839
42515
75393
62212
82059
94518
72291
32378
35733
62189
53011
20583
69396
7984
71143
69617
39784
93282
70445
10796
99260
57774
46080
19256
9662
20141
67937
50233
24162
17479
22462
71325
59616
70211
75344
14155
89814
93089
73294
1787
48133
10799
60097
76545
38795
47249
69624
54513
77250
79682
95444
73252
70543
91864
81791
20634
83058
36561
34903
22521
26809
46596
98490
33812
50643
12617
28339
42826
7598
28
59943
90015
8432
11003
8251
37004
60016
63237
98496
75919
86676
21680
71121
37142
96599
92503
15294
74193
18085
73281
70416
93454
7621
42919
24280
59325
91536
95679
73318
19845
97882
89755
12014
37479
11824
53913
61801
60480
17391
97998
66502
99921
74933
29590
65147
17692
47401
53528
36038
22263
15558
23919
36552
53769
24305
2382
72597
5366
93187
47405
47673
64230
54664
17250
73087
7036
78010
68228
15070
83264
43111
8580
39354
28064
52081
47967
11721
41454
49958
53509
93042
63878
11000
2258
69591
8958
10642
52060
9809
86313
67650
82648
89231
35727
71474
29703
83060
88990
86846
37414
10849
50759
60880
77619
12973
76236
24709
24156
37838
63637
42552
93724
93910
5950
94786
96525
33877
95680
34256
20588
43592
53161
16404
65847
17129
42679
67685
34236
25398
22875
22798
24172
85877
13884
61162
33220
93600
26970
21756
44286
1948
61908
57971
62007
87069
62782
52635
16005
91121
5648
68092
34575
91489
84967
28570
77840
52870
5002
83097
20899
49787
4853
9613
86734
40959
62763
29566
59962
2823
49747
70709
73124
78638
20502
4657
84313
21440
56417
78650
51718
50254
64226
6743
41789
40170
92854
26418
5722
54060
17007
67191
15088
16502
98454
67748
53247
55359
11324
30554
11689
15568
89365
43264
19324
97566
60049
71860
59776
92500
57705
16087
58081
16611
18284
64142
97760
55010
70198
95434
73697
40818
54086
64368
31537
88363
99567
92963
11672
50095
96992
62317
35069
89059
94613
43094
97891
10684
65419
22850
73972
5019
15392
63730
88462
10133
90288
7902
20102
30298
11211
15017
48440
31787
14354
86658
91048
31417
52230
76021
88362
91396
3271
84956
14967
20789
68775
40723
84322
78448
82211
4815
852
90599
48979
19502
47565
66293
14392
96085
2580
34514
86231
15312
85323
4442
15659
68188
11913
75023
34962
712
73813
89124
4851
67472
26500
71125
83894
6578
17305
56033
8765
52556
63446
41778
89160
29391
93011
93920
22916
26699
68120
66593
49953
70490
8330
72106
45516
24839
31600
74007
19500
33670
44622
68463
48749
51779
91082
54859
99828
10276
24137
62654
75196
87843
19326
2883
78964
94950
49388
53669
52712
23741
78937
59986
77583
88580
18618
41656
33901
74890
81534
4347
22061
36802
87760
22855
91624
34826
90412
28957
93167
65032
97133
75031
66632
92935
76032
27701
13358
55943
26689
76288
66026
45479
45264
69123
22548
2900
51046
148
9250
94305
47457
91924
97136
8935
8957
58103
29551
1880
73439
37551
13150
89438
93756
94700
14180
45440
31933
37030
39581
86297
7950
70945
8233
56223
75337
96142
66571
24729
35426
4870
45135
69197
2342
43869
87464
98192
36180
18384
41141
75065
3428
97108
51814
74539
97549
84947
59891
73486
78616
31581
32088
58639
43369
64990
66525
85404
47630
95227
80607
28470
36375
9512
16744
62218
19310
97334
6877
2573
4434
57104
51806
96166
5491
32632
9921
74649
63413
65522
40683
10052
65815
59002
61409
33796
86472
33652
82980
57544
46620
75576
88367
15425
54421
6471
99492
35248
25750
45679
78242
77103
4109
69836
54726
13671
794
14437
52963
82137
1941
52800
8683
38065
83080
6599
28053
17133
87572
83583
95196
50926
43970
77832
85808
19622
30540
60788
62498
34457
64457
2081
88091
42868
34920
52314
30348
71894
48761
24724
17309
77280
63020
18351
40484
99384
19297
24934
29916
30065
56228
16492
23951
64847
50214
73213
79268
63231
42804
50583
78353
5335
79369
25305
70886
45563
91274
47859
18252
89317
67392
49864
25825
74990
33592
63289
10153
89955
29874
98185
97956
75835
14281
90275
56986
27642
8628
99187
15474
86032
89618
91248
28497
52608
69029
22450
3536
44428
52254
14659
74472
16527
71148
4118
71092
70981
89126
76895
57615
75725
64126
42814
57018
86027
64141
11714
12296
59061
25627
38798
89502
39030
37791
75492
2235
28209
75625
22010
16341
60595
53938
73300
12864
39221
42490
99525
7311
93774
24663
63169
28845
63429
91348
31238
47642
92464
53927
18400
54891
92332
66380
43011
53935
10883
38197
60375
29010
65949
13797
78782
82653
73844
79661
66482
7363
5294
21560
86440
80642
83002
94441
14015
25857
89066
29341
900
42705
49322
62706
54890
24947
53453
24329
71289
51318
56001
83140
49932
85678
85579
51968
21831
83804
80888
87442
37176
67430
99463
29354
63990
91732
46657
56432
89744
84618
75834
74223
93141
46047
67571
28489
48631
88192
42594
55136
14377
2456
65020
47076
83664
61090
42293
62057
78215
17459
29908
62069
95375
80069
61539
11805
45433
42623
61939
47030
35896
50470
96240
13201
23024
87083
86087
15436
88499
22685
45105
22090
55264
24260
85465
42926
47327
62068
27940
33151
95181
41042
44475
42703
74538
97323
17175
2994
46351
69000
54131
97252
72381
20435
5196
40171
74741
61643
63909
35865
66637
33639
41780
1938
10935
32989
10696
18739
51082
42389
56653
26562
94339
19226
7103
78373
93112
87628
18736
41261
13341
94074
85753
53896
9455
14212
52193
90965
19372
19545
98833
59130
78112
3512
39294
73674
28853
46809
29583
37659
74093
31523
45314
740
78491
23683
79012
95338
97161
55813
70652
74321
26828
87002
86362
6636
69757
84402
45467
35091
83412
85919
69041
44019
96376
62217
74892
17806
42982
31165
36283
21093
48068
99942
20194
58943
71076
78891
4774
81400
83275
34255
14378
90680
99217
96274
25083
98745
11978
90841
63597
32800
33742
30352
52416
38786
5396
83869
69378
54920
44225
15854
16916
19799
38625
20497
52597
63352
85621
56511
76648
78408
21750
85437
12238
83506
68538
50484
12663
48016
14544
57652
59351
67814
92271
42882
98327
84304
54756
84872
35077
37601
6371
3663
48966
99304
46089
90992
63804
42361
8594
21085
51534
79642
2848
31858
54529
47661
86424
82329
96738
16023
77357
10128
55815
16326
76450
88985
33706
6750
47681
5445
50523
4590
72182
32497
30988
14633
375
74790
8186
43219
87157
92998
40500
10261
83409
7302
55761
78756
4333
64061
15302
65109
92452
86715
30524
92738
84752
40107
10604
17677
8823
82172
97021
86101
71886
60670
91987
99764
59650
67406
47519
88000
32493
60396
66105
26483
23205
28681
53798
68789
57390
57084
5942
60862
65099
50113
70172
66116
15416
35979
16489
53191
86558
31643
45336
83450
31037
30455
55211
34135
24971
61576
22064
64459
5303
30817
89182
58222
6359
27528
22722
47872
44163
76371
59553
50608
56424
80928
82243
38600
92323
98549
42404
76441
18780
84292
13124
36903
67268
98931
2772
6174
80941
57715
1218
12266
33329
27249
13946
48182
50866
93885
60155
74075
86200
72311
42906
22860
60886
25236
80581
90347
11530
6856
87488
4620
7877
29208
19355
7353
94080
78955
55402
3349
41668
95302
94375
81681
45650
98274
62214
49721
40321
83279
17147
65346
47176
46115
11294
73899
10616
59482
8355
20079
71201
9469
38676
78427
33039
68362
58962
55938
3637
58816
43802
56849
36950
42449
55578
38612
68677
83910
94796
79228
21200
32164
1133
92435
89096
41619
48261
66990
13547
84060
23114
16408
64283
23899
51100
71975
77366
55548
3016
40694
88252
3995
4697
78480
50542
36809
32901
95892
89215
11365
57145
7266
49354
64183
34091
46100
86949
54973
52283
64192
95199
63961
8246
87556
46443
14727
85463
91318
85324
34156
88387
32935
13002
51436
80248
39844
95133
44124
14830
40623
5299
2084
69970
28348
83918
68197
71165
66358
98431
60714
87512
84739
66892
27394
85000
67670
24321
95597
79833
94895
96666
64147
17697
17068
88476
979
27130
58021
65995
11772
19059
85191
59238
17363
83005
28136
37686
40080
47715
48755
80817
31775
10740
93085
20311
53535
10333
59154
26286
92682
37444
90239
97822
23655
78883
83133
61563
37424
66201
47425
3979
22591
24020
96856
42899
19967
68959
60235
16428
73525
6184
84458
26176
34210
40981
55141
10181
36432
7872
33551
22440
81638
97190
76645
47739
63895
47051
78422
85455
20847
95164
57202
63519
28388
85470
14837
6634
22084
36980
9857
45941
33327
28412
80189
77267
39316
51383
36397
37915
31540
48105
93967
12387
76868
52903
97859
23550
4125
91429
17336
66091
42747
21505
26155
73934
22592
23158
29287
7545
67340
40276
45131
94663
85629
47780
97874
7205
42416
71401
37511
58392
7927
78403
85859
54784
4932
92833
69039
91776
26074
91444
43087
42708
76560
19566
23799
95547
80232
8947
89115
81682
1082
14260
54789
22152
54375
82650
25246
75429
25325
30141
33985
60226
3668
36260
97477
35318
28664
47365
81851
56337
75901
86169
45221
37172
59807
68529
70114
13652
17640
11360
4550
63105
15524
53574
98507
57904
92577
74219
51459
72135
24909
94186
40907
8416
4378
3906
7235
16586
80221
98095
19774
20969
81197
67018
67058
20186
30481
21821
12772
32231
96764
18592
23306
27552
3680
90814
47753
23358
42658
51638
83090
45487
39727
91838
15755
15696
35044
1614
41421
32412
43849
21407
78506
15901
12208
59558
42629
33947
45034
44922
79888
47666
64429
82178
76495
41902
20130
88961
84454
68900
59020
12865
21990
42382
14049
78376
69584
99720
86608
11764
66541
65960
59518
33959
76822
34185
41699
31620
64863
3772
72588
9368
61972
14740
62028
30503
66994
46490
32875
33785
22441
64551
44772
71147
85620
59506
95839
91931
820
95727
66133
5688
2651
75370
94777
13050
91276
77451
21134
4471
31248
51038
80804
75998
63356
96170
403
47077
45293
44846
41155
23812
80579
71056
256
3572
59509
19941
82838
88724
81548
42299
14489
2285
54093
60879
32217
65947
72516
27372
60513
8286
77633
78624
50920
53759
78963
90976
72922
21484
63772
36763
29473
15359
37436
48243
40512
33881
77363
12158
66454
20962
44954
33501
48262
14193
52068
71343
98719
74476
83021
24232
92200
30147
48728
50798
72254
56664
86565
69764
91558
83693
88880
40101
99022
82542
20681
52499
32735
2798
60456
12635
2125
80514
38036
86582
25337
93996
5134
69472
10483
17447
12278
85979
24395
32873
55961
87337
98301
12332
62371
24387
957
63672
23283
51244
92236
57364
78001
15794
97083
76138
77709
14457
88614
5744
10460
46075
9649
3724
1501
52293
49789
53439
67864
97806
60859
31925
32047
50615
56714
32776
83399
1842
59060
93431
56710
95646
35761
60571
30121
87435
45213
54205
56230
35384
77015
33055
8606
77028
35440
36029
47834
52630
11143
44991
88816
10801
77794
39957
64894
29725
76471
58918
70312
67305
25960
14144
15092
9319
48239
46309
73636
11062
77897
15905
35932
83597
1369
2529
27982
86761
7818
31194
98963
20156
73856
60164
87763
70866
49379
1698
6555
42428
83866
38151
22080
47494
96070
16137
92673
10306
12482
99314
25353
27124
53489
84080
89275
39725
43971
61987
730
92528
46528
98217
32330
31819
37434
45436
77933
11760
72267
62538
452
51926
75898
6083
71084
14566
58945
96295
99911
16929
10239
71651
41411
24715
44671
45658
29886
48300
45224
95604
70772
7472
52492
71286
18781
56411
48860
49895
72653
61779
96948
23509
11399
10208
51291
70268
72519
39744
87151
14404
6249
21663
55099
5344
65792
28847
42848
4194
9092
71320
76382
80703
18264
38164
2410
64644
27195
72746
86188
83185
89191
6204
33392
15718
19951
57913
30281
33634
97013
66974
40937
1341
95351
4844
48296
56324
41014
94023
60278
28880
82028
51963
87051
56617
89954
40953
55454
48691
23687
50977
23415
67581
99251
34123
99467
42447
1401
16865
8774
20416
87957
48615
55311
60194
11561
76903
77333
72771
86998
45816
57690
82613
69006
46985
49489
95088
21090
52286
89207
60564
5704
98796
5
81356
57025
94823
2688
83888
58483
42940
66621
76497
84053
88858
38314
62850
3936
79693
49458
27486
21685
47899
16108
27396
18693
35610
37866
52994
41712
53680
63321
14939
83928
88954
3121
29358
98311
17890
60083
11780
55632
94116
97308
42462
65505
96867
5912
10645
59983
24710
51272
62662
38704
34844
36560
34558
23815
35609
8003
60871
25590
63277
3169
33538
23643
35066
76533
30204
27813
28443
37127
17048
64969
86255
3784
59311
62190
52611
15917
31758
22558
13239
64687
79032
91316
2126
3394
62849
96975
78106
55816
83945
67055
36848
81034
28117
80687
77458
83250
57569
48409
15287
43968
58584
74942
35646
56576
68436
5917
91669
47309
68230
69515
68679
27276
6893
9312
30869
57890
31501
99746
70013
15933
66540
96780
4207
84008
41889
2597
98475
88310
39448
86615
14885
10443
83158
81853
78381
32471
32746
43555
48324
76306
77648
44459
65069
43425
12375
16303
51883
20159
88512
33700
5260
60910
48874
96549
57419
3130
41323
95920
6284
41232
79406
42066
75952
26383
57861
36391
73909
81874
377
33900
35832
3068
40722
35025
63793
53710
58790
82999
45087
8984
83778
40695
96731
94285
13108
10122
19259
99852
57605
54692
5174
77896
37461
74489
13694
64358
49516
94722
74036
83126
88867
57749
24905
66620
43339
65441
72031
13094
47341
23922
85189
35434
14498
87985
37875
93783
63504
34710
52732
29695
88180
75511
88829
19985
44456
98304
17754
15027
13730
27721
86619
44426
62642
57487
30091
75667
38372
48810
75117
46685
46670
19901
1589
8324
71814
33132
83535
91181
71592
70201
78014
54297
80280
38098
6251
60041
73415
35198
53616
63108
6172
21893
98123
7210
72296
47934
81429
36968
27889
3713
25553
78811
23663
22039
37274
31782
93816
34200
26187
99236
38384
41875
62785
82143
14396
43298
17556
13451
29729
21046
46325
19605
96013
10901
94304
64454
42276
61705
16355
7076
45797
77151
54548
41475
88609
42166
41909
63687
44823
26947
80712
12019
49710
90319
68265
20893
56488
69250
143
57686
7368
67885
79047
77152
35945
85528
89777
15270
87473
30220
89793
57318
23961
36107
97093
72001
78415
61205
42257
65594
21712
10699
68039
71313
4921
99232
99909
20393
54062
41277
45128
88
32999
69829
7070
85108
57518
58984
77957
83958
68466
32385
74529
7875
89971
2550
63130
48873
2103
45861
56072
29820
59498
61314
7766
43652
13848
12292
91680
2247
66401
39056
68005
33895
79278
57233
44316
54885
38225
90220
61852
64765
4066
11980
60107
83338
31510
14601
87542
75485
91784
88231
55195
720
76055
38103
77883
35495
60781
68058
67491
98118
83238
67641
39080
88023
67707
71130
69845
9412
64510
34724
78526
93817
27226
74669
4716
37408
96018
49997
50860
52588
10363
14249
45868
12038
80663
77254
53203
74181
85974
14036
42071
12494
184
75177
1357
13677
7209
76049
61796
96737
48539
73083
80121
55500
59628
98950
35869
51753
45789
86546
2727
30840
76189
43039
86716
47595
82507
24941
84226
97442
97376
15768
98139
85807
88239
4116
13296
42366
62842
45246
26012
62834
93351
33386
7508
88316
89540
71677
48784
16397
76690
5719
55642
58475
94562
70632
93875
92092
37047
545
23938
89811
92648
87874
98919
62036
26742
7263
10991
87268
90980
53405
45229
54485
8159
24795
58260
35345
78158
17033
37707
98360
37067
97080
50874
56129
11565
53603
12781
99058
23382
10415
11184
15526
41852
9145
64414
40278
79981
98584
8412
91765
51125
41630
58760
10954
33425
10182
25661
40350
55431
68784
28345
60548
21490
38170
58899
42131
42327
29615
14535
50308
72199
26115
66080
61382
14062
40408
35487
62948
14674
32618
45443
38410
5379
10222
21998
68532
92826
15734
89336
29137
29784
87773
75084
17530
5044
88459
72662
14415
42850
27928
95741
83066
18696
5373
70775
28527
50045
42365
8945
19037
92880
59431
76386
72704
25645
11518
86146
23333
3314
94432
41927
52816
459
94666
64848
8124
73311
24807
41496
76194
3444
94962
12586
83196
52584
18379
52858
56387
54377
82558
79051
95662
86349
69158
39743
68891
52853
24895
79087
46743
90694
72579
95400
17340
50158
93961
10309
804
64529
84453
25698
87830
60315
85776
45835
34212
28761
75585
63604
62198
60223
75700
13594
94498
40880
67724
34877
23432
82859
97008
78607
60716
21221
62386
96205
41439
33644
39431
96244
97030
46949
31690
74764
39117
45742
65689
18356
24566
29126
63976
67088
69586
53922
70749
46495
60072
80139
56288
35816
20460
69667
7451
9664
29561
11203
73101
71666
24082
62632
25888
32621
54358
30412
2205
25188
79062
13249
5988
54533
5394
64603
7982
90829
92911
46932
45040
41114
49742
72644
8423
56331
43439
77200
79146
6431
32784
13881
32822
39869
3649
91812
47778
43796
53666
88567
92978
37737
79453
87332
36449
14851
9160
68984
27958
91212
30000
33092
71021
56213
80227
4013
44984
15899
63052
94355
23056
85898
52480
37573
50139
17678
23048
20096
71797
34576
44089
79953
43857
3358
52585
93690
58640
13959
60192
4790
29926
88886
57603
37833
95520
95572
85664
18784
88743
7181
20011
42141
85706
23753
22468
5817
60546
48060
11178
44664
50513
92066
81590
63711
12078
10281
41540
68080
10881
31103
38263
31196
1906
99416
80695
37458
3966
52507
38489
65151
95843
7993
90007
8283
58991
99736
19107
25711
48129
96186
31240
98732
4810
55835
61531
62765
16605
30264
30519
84975
43987
69043
27229
16094
43720
77448
79094
25050
94072
7959
65344
19150
64698
39780
64301
34295
96862
20124
10025
1329
24682
24191
18052
80868
49158
85308
71690
62326
61897
82189
14879
47429
54528
1193
14873
26827
48425
98362
18664
77492
76092
46201
84043
48471
79333
15717
78850
20849
40649
88318
75685
78763
18256
40863
44084
89991
76853
17611
56273
73515
70712
42972
31598
45850
19424
81863
70468
62037
30802
30837
40489
18354
39773
18520
56693
71760
25654
8482
78514
85749
14358
72227
15815
38755
45567
21228
47876
5455
35807
39130
24567
29306
82168
45751
67380
52699
839
66630
94588
909
12195
50826
72654
12095
69975
7995
46203
71877
29941
5412
52058
69382
77604
51503
16746
28689
84411
49860
38311
74356
74255
79683
69569
55117
64659
36720
88951
15315
80893
98098
82387
43287
28848
7433
57212
99361
57554
30949
35853
9596
96659
22939
25679
48590
67414
7111
32814
72175
36372
9291
54754
22112
62140
364
27434
44566
11852
61106
50030
296
50742
409
4493
6313
35251
13134
34851
99612
25873
91603
64210
13044
67293
28511
42445
82067
18468
79902
48558
8668
59127
29645
53393
77251
74993
30528
35438
36075
93261
66108
54157
78978
98573
46434
29796
84666
84228
4508
94210
48715
23069
27454
89548
13820
52013
99213
70235
54681
17338
37800
35058
65895
74816
91471
44698
94993
97679
52968
11643
61783
66986
68950
26609
30466
24963
73831
8964
56276
61444
26456
36754
59424
98797
15930
75475
98510
63164
8602
48562
39867
66161
19202
2545
64293
45611
59316
88261
41910
41566
63663
99212
89382
40219
96608
29274
38138
2267
16899
61909
14352
57769
65279
85625
35008
80818
92612
10898
28756
14338
54250
64043
94719
60799
63179
40540
89526
85360
31517
6940
81973
34653
83890
96639
61861
80488
28458
4452
57167
18695
18434
84180
71842
7594
48051
50184
48304
4547
50161
29332
94742
2910
68868
89508
2992
35196
44016
20944
83629
31848
78979
91358
46483
36054
23411
93963
63798
86487
39607
51000
83305
22969
40607
89487
31299
32105
57595
24974
11085
53996
3036
65229
15060
3494
95272
96776
16799
2221
2276
41203
33026
40792
29084
78299
5984
15831
31886
76380
99632
64882
52435
43241
60629
90266
86131
63396
61263
18991
57947
66802
45736
50991
3123
94333
26295
93448
14759
4155
6522
57440
80728
84531
24608
29521
54906
71124
79978
26366
80729
6324
28920
22904
86397
54682
46097
47977
91485
54592
42908
6453
54940
81267
20618
45272
94912
24284
20579
41304
77294
74763
14810
83589
92173
19917
76433
9002
77218
67419
84161
39712
69855
66967
91056
85262
52919
97082
53184
70946
95220
48396
68818
56529
62307
42582
82917
64581
93552
82530
43583
13729
34548
89573
96870
53060
59412
74895
55334
16544
77497
54839
96837
94865
54673
72923
96118
10013
49727
33463
8310
77915
66723
66576
71150
15168
93635
93133
23139
75422
10862
69300
21885
70000
14214
25041
4483
6723
79501
60663
55495
89343
89297
87241
86523
65314
39556
94190
55770
33435
29061
10242
30859
52097
7445
92261
17160
60644
81174
25724
98562
34964
88680
92866
76761
6943
31909
3849
12193
25533
23964
52571
29090
28228
81759
73522
92190
41245
77301
19492
20185
24869
63642
20320
96464
11103
81983
9232
11050
69685
40945
6008
89084
94647
91038
3682
41858
17490
14638
46481
94811
65261
66096
39720
85999
45767
70321
55147
13608
9984
57902
85657
67587
59086
687
5324
57333
98426
3280
66235
77500
46975
76580
68647
26995
31759
69483
84280
62956
41183
86649
54653
47124
56359
36017
71711
62910
82921
71381
5758
61163
54971
93965
36205
64439
69654
73680
17910
71493
5578
53383
31473
49295
92059
7430
35991
93903
16047
96484
33704
6302
72192
69433
30919
59074
44504
6474
21886
78186
81272
82177
51089
61415
34312
83621
5421
6194
38912
95667
57306
35772
78498
4458
41843
87226
28868
25439
40414
9676
61869
1058
30889
22766
80429
1
59415
77456
98594
98664
5771
8930
32478
87911
34937
26247
49723
6839
63313
93362
66101
85391
90659
72277
64059
28335
20832
44971
10638
43672
73492
20990
52261
5220
69582
69265
7391
68295
49443
39834
9740
91696
64214
19950
20873
37040
57596
99784
66387
18775
96578
65088
20087
46076
20358
76634
16191
55764
2297
29895
15583
66943
81914
96973
53950
20881
76925
77887
22186
53386
42292
53991
42825
89651
8822
4251
9457
75995
70787
17038
96275
7932
29957
56886
75061
72287
86441
98596
44994
9251
68977
77258
98392
75174
1452
30762
77898
29281
29094
47323
70955
8733
5056
54605
23578
86789
21047
755
14065
71427
36705
17115
94075
38831
71993
6709
79129
24677
17213
89692
66346
84707
35860
95691
44951
76215
32310
43325
12792
34584
98795
88514
99617
93781
32429
82983
36058
39467
54388
6479
19325
51649
22889
76758
77559
65693
48776
93612
64143
66060
88694
34083
78316
15672
98021
70137
93023
62447
15271
79411
73184
8196
71230
20267
21508
89614
66566
19410
95315
40175
38617
1964
72669
22
39159
90560
80671
81004
34319
39385
80225
65592
16091
84479
32372
48971
35792
7549
41515
51469
65241
18643
49689
37614
69932
37187
59447
22015
59109
98248
7714
29806
72445
27202
73734
91252
53539
7199
90278
61280
90818
57044
73511
6663
91415
15764
31905
17275
21600
11999
11917
97676
81516
54446
26338
93556
51123
64991
83410
57634
45290
11448
13302
25660
86419
18531
29417
22564
80885
86630
15187
99556
22007
85412
91381
51116
97174
11880
76941
24776
84885
16706
9648
57311
22751
85744
49016
66554
24942
26492
93753
95019
12319
39460
85201
84962
86673
24798
43850
20172
29409
56812
10071
66450
17204
66779
24058
96168
87769
38967
4314
66538
92192
12175
63613
58677
39836
85319
72686
89432
93731
86164
19643
75470
58383
48512
53169
26949
53130
48279
44184
83118
24151
49445
5862
36491
33575
93320
12474
59618
96437
98702
34089
57955
42785
23
86594
6007
23895
26799
42568
91999
28639
8019
89444
62958
46331
66190
47697
70383
59508
90700
90359
8017
14295
63394
29422
12274
21914
36539
18446
37976
4533
40444
65785
1594
85211
3177
37889
24275
96386
65894
67671
93998
29233
53635
69314
79076
77355
38068
98672
88748
44287
24938
20028
24534
50251
13028
74471
57209
50995
34162
84207
40883
53933
80992
88664
12392
60739
46379
45593
68250
18253
52711
46850
87367
4242
82750
88093
10683
59917
7296
61795
79
89949
64259
37320
28321
4579
21764
12800
75736
91566
86974
26371
66010
38689
82398
23915
97880
15817
72387
28366
1130
13093
86106
42542
99797
80187
47016
80540
58119
14821
63750
4881
50006
44600
51381
86347
62221
13617
54452
75120
66602
28204
69120
84278
38236
86161
72479
43063
34364
57168
16106
40659
46326
36579
95648
27483
25258
96089
86029
47144
46903
66314
20475
78745
3513
64019
7475
36836
61818
50242
22485
19557
95498
49337
70974
28050
30308
57162
85922
46427
29833
24519
27312
3903
36779
69238
65834
46631
70781
99306
60877
766
32770
21283
12595
27951
31388
91575
3193
2654
3037
80785
15580
51030
38700
90969
32462
68996
33376
1310
33266
62908
78018
34122
57275
40344
58647
85212
96246
28148
10834
10464
35784
25844
26003
11843
75329
10934
79196
40610
64040
25222
46703
25320
18155
21898
87170
57870
24173
98453
2564
27368
82607
36199
52442
66555
41208
11282
82751
13186
52664
30387
26324
71198
35912
46138
14288
52737
3172
6572
17187
23471
50015
27918
39593
19237
60585
6236
87427
20765
83772
31717
14259
50392
44669
46037
27558
50399
94949
21733
13930
73273
88764
63612
86757
44170
88407
96586
78667
46741
48351
93560
94671
67391
15893
55413
5640
15377
95
51683
51392
15873
45399
10154
51818
27643
40389
32451
13165
45217
20242
30036
6412
714
8911
34035
71297
66874
44413
35187
37277
4822
41484
81064
75970
81890
75774
99343
40732
50321
83291
36239
21056
61863
71311
56684
59658
55227
4424
9118
75655
97613
19173
32408
14809
54672
25427
68990
38052
38378
57453
55130
38149
84400
27341
53959
43679
80224
20671
80226
94919
74842
51321
42928
52316
70845
64833
73578
97226
71828
14474
55728
92083
21644
2068
39129
34893
72562
55358
34392
50729
66846
74606
83316
85019
63129
69708
63381
82299
60247
66691
56689
37673
92306
14123
56947
15951
33898
13472
40828
2078
45428
42469
2562
14251
43714
99489
23126
45718
95569
6534
35524
85593
20530
97834
71031
72378
15630
54435
44739
59034
11358
3748
69157
45329
24240
85803
69508
86320
59044
80373
43874
12500
65993
46733
98241
14741
51545
45914
7505
60805
81413
79509
65286
93375
87424
62518
25295
53703
26032
2344
69194
58351
99157
95890
11384
19953
71706
93909
58740
83429
34620
76436
26046
93303
76245
53650
17603
55333
93075
62509
39523
76779
4644
83342
57976
64821
93685
31882
37934
56247
84351
53493
1154
4691
31990
35436
11354
91500
19733
52407
4535
33158
84089
52282
29425
22214
60052
28131
23875
25446
11144
99011
41064
36016
53068
66513
77971
13078
64957
24471
10485
45673
45585
35830
31276
44229
94605
24838
52341
66933
54449
95835
92383
52765
49585
76213
59280
71397
89624
55956
32464
59588
14389
31824
88718
29919
65602
49302
38938
25895
89551
6173
1507
16635
40118
77756
510
24398
46954
63259
78623
30703
38999
73375
44268
80812
74626
9238
25583
52160
60561
32187
65102
85197
75350
14146
22253
31835
51213
65124
67351
12066
82513
58625
31259
22352
17540
37613
32683
93555
71052
82441
4150
3562
1444
98025
78228
10462
1448
48576
83832
38538
97887
56621
89871
27485
22793
516
50000
32705
2470
78711
13217
1226
29412
84504
30899
26781
11951
41954
1242
97989
21610
68283
34152
90752
5867
958
20766
53704
77437
24935
67786
67949
53653
35690
8647
92421
22831
27339
75093
81136
25947
87201
63880
35745
99526
2820
82219
20819
80970
29556
34566
45896
31343
80750
83011
16902
51741
68095
81204
4339
73938
34019
41164
13082
52890
20413
28687
95334
76028
37308
88357
87589
56585
21572
56405
92027
43943
45333
78509
38040
80198
76129
75563
95307
68314
27319
57194
59630
84878
54331
42873
20253
91646
82409
85603
58801
69622
48870
54278
50951
27457
48887
15211
81179
20911
6784
10371
12860
34112
49590
13070
70984
62972
19407
85051
18501
17397
13855
20040
60530
93166
97057
93657
92580
8020
78436
83703
57799
13543
10264
28290
55055
84475
56506
65891
64743
23001
46874
64789
54381
43474
65658
22100
25963
91672
26888
99888
9052
45695
74357
45711
94535
47516
36340
40178
93833
3246
6833
49884
30225
45028
59273
52486
77611
51486
75388
58166
68229
39529
22437
80935
81063
11830
38338
57627
40481
3191
89462
77884
63288
64584
7410
49367
66838
36412
77839
23963
91286
28304
28980
92224
27557
2026
59883
49359
75015
83269
15954
44076
87698
44630
54818
77211
32551
94013
46922
97991
29694
98032
11893
1703
48636
68734
52555
97832
40637
83091
52244
91660
77202
30320
32791
12747
44720
33159
30538
7767
86988
86704
46968
29603
59995
68415
54924
7634
96287
23918
9201
43458
51662
21420
21726
4782
64035
87249
63974
78180
97275
66814
22827
77987
56650
94021
16678
20750
92956
46702
56571
27753
23022
33582
72201
17371
14893
97805
5549
4254
31660
86512
17011
1413
50770
3117
50351
23873
38751
98949
65159
53840
5067
99430
86550
41381
33178
35674
31952
19482
31414
93671
2626
26865
16359
54313
83881
16643
46798
40952
8736
44728
54684
93558
15692
27340
68246
91839
24031
42315
68552
69391
62373
17572
14688
43822
7275
20838
9397
41368
7757
67850
99551
92634
99773
30933
4484
8460
91304
15549
23359
79212
54135
71420
99872
19876
63647
29668
79594
16461
44226
3141
46256
70849
6928
96815
68526
28968
24416
39820
88884
56425
84822
18234
7309
11328
86332
21468
60874
46842
32321
93359
52947
14466
79162
81522
85418
67236
77353
78102
42723
62933
39687
16417
37597
91639
86090
26913
85379
35116
94754
53135
91081
49129
28307
22788
41951
61231
30934
46414
21351
4111
19058
74854
86348
17142
39451
20539
14207
40631
65121
37443
14029
51276
92220
27144
57628
46514
44070
33598
22018
71803
40826
34762
27439
77345
34072
37348
97375
83226
96304
82226
56108
74592
63812
35579
40144
40027
12774
48451
10457
12560
58084
57598
14649
3577
10820
13591
93736
94439
29506
34079
27404
38124
27044
9338
29544
60776
13899
371
60126
88097
88736
71199
10848
71410
46166
33213
22694
65569
23606
82186
84472
70960
87410
68164
57345
21708
61745
59751
74844
14677
24459
98423
57339
28184
35998
91264
31591
91950
28487
65702
13232
26656
79599
70831
89804
33913
64543
39026
38615
23931
22372
76123
60823
19734
31016
8766
35071
50984
18839
72851
40380
78676
55693
46730
80895
92336
25552
58345
94382
40832
16142
43725
55483
44008
50985
46271
40458
98439
25887
90526
88920
12378
29224
60958
24896
77928
73102
61802
71014
81605
58714
52779
58188
80786
47423
34986
36987
80576
39740
73789
91062
31706
96891
14503
33121
96733
38279
94042
32597
4334
94839
73400
42768
75064
62660
81146
41163
91885
92950
75802
27409
98387
16448
1227
672
37805
43181
62983
7009
73381
97257
94366
96269
19487
78614
67030
88670
83816
24019
71312
75447
35113
99859
2584
73808
86118
3389
53430
95320
93449
27639
47861
7282
67560
8731
79459
77893
27288
48381
24857
46330
5819
72085
60059
31230
71536
6297
2351
57499
69430
57113
87438
2107
44188
98612
41885
86827
9125
74823
17941
54384
28568
58328
16909
25618
9156
33052
17898
17896
93504
34704
12783
94759
15611
43597
81399
24007
29564
36984
7880
98532
27785
55315
32221
17553
9316
42107
74862
20842
87190
1034
43465
95891
71952
12732
99185
2636
58002
26519
81173
83136
1697
32058
70829
95027
47278
10379
95557
42336
41771
90635
20617
23709
8728
3657
83323
37951
40280
11716
80343
172
16998
57740
72016
33683
30064
22364
97646
88079
87182
31440
88294
54934
87003
74189
31119
12085
28254
20757
65206
76781
20741
97460
33883
73264
87116
86689
86668
90472
57836
57383
64154
24921
92855
59925
30956
30407
98480
40757
47328
62643
8281
38269
10295
12878
50486
45905
85589
94821
32004
82867
33731
57839
40946
21740
47187
72887
8062
84442
93061
45132
74477
90602
34032
74750
68639
36341
50733
8434
78566
79197
34958
45836
76881
64720
37933
90770
96707
9461
1178
77790
72198
96481
23830
6735
83229
60317
43624
3157
67144
22747
23956
27474
57358
13778
9041
74837
10884
68020
77198
15932
91346
41642
74001
67116
72732
83100
23174
65873
21574
62504
27112
5462
14514
4610
87913
66352
74731
89905
62425
41548
25372
34128
48489
9064
11948
37061
25345
4576
84185
89414
62095
88473
4185
81894
33222
19084
55320
22160
23983
77850
15224
13780
69732
74770
77304
87461
31336
48139
72276
88976
78904
58567
45584
59374
46342
96301
82463
24189
68713
71759
86455
8358
70875
42763
77932
57452
18899
45201
34747
35779
11469
26773
91778
28724
59653
45181
46900
3834
65460
82103
98132
34681
49241
5119
51060
64364
24545
79498
33185
96438
45843
22834
81908
57176
38522
19920
10546
29859
9199
8890
28021
17968
72871
62200
35476
34102
76175
40349
97360
13612
11128
93446
42493
57816
67528
38275
75777
43015
56772
55408
93370
71775
50376
22882
15792
9917
47472
56822
43602
72760
48605
4858
52878
42285
77309
47805
33987
18249
19458
34334
24035
92245
87118
66881
84839
84448
28213
33051
80318
69808
32702
5466
23544
13777
74419
89743
10311
37483
14095
22491
3414
88057
19915
98984
84392
72349
90535
49154
71005
25780
18504
71361
18369
62346
93801
66762
38250
48640
76966
58749
70892
74276
25098
598
26008
39144
15363
56197
91063
54028
81493
94258
98022
72156
3940
13040
42811
61956
93427
41671
50602
36797
15227
98465
51679
37107
81332
78107
23597
84833
77579
45968
83094
35623
16528
48846
70472
91499
99717
75808
18383
61933
51127
817
26101
77927
17517
67231
82029
4740
80976
40716
28707
51953
56493
96485
50572
80898
99406
18841
68363
89046
88420
38776
40582
76644
1617
31185
61600
34671
16944
99490
89463
90442
62599
36291
78654
64967
9036
31737
17975
25460
89310
42289
33766
70714
79204
97117
59725
80874
12842
64646
19249
14356
35477
74275
93234
56537
54699
75765
11090
2298
41977
59083
79082
3633
59845
75281
81524
37536
15064
20736
25319
55703
37211
23921
13347
75888
92148
35259
36857
64216
64513
51929
75821
7702
68554
27506
16072
24446
88226
62168
32978
95446
66408
70674
69861
38293
44858
96420
18557
30116
88435
35640
92752
55986
33202
12316
75601
34853
19075
56856
32697
28269
97890
69527
1569
76741
75255
98697
87150
27703
89460
19586
41942
70860
83753
1756
18214
29323
87524
56755
31590
57721
74573
96448
32766
62554
81181
82869
71462
89254
98410
33169
32077
59745
28578
89963
26930
88104
16097
54243
79164
90203
96560
6978
49903
62684
13559
25735
45735
44311
61885
15972
8630
20914
57287
7193
72866
85865
12720
1200
78274
8477
79050
69516
75226
31020
23379
32031
58422
26163
52356
10633
86992
64079
22561
23923
41012
28461
20452
12150
90956
60894
17720
4713
15536
94964
34734
16134
14944
71847
65876
34667
35442
53858
76909
81558
24120
95870
9187
37561
86952
32859
18755
20401
27522
64505
33034
75232
13240
27324
62188
85400
44559
73810
46818
58035
63667
9728
95481
83216
31558
46042
58691
20230
95237
70679
70920
86623
75562
24630
16006
12250
56182
68479
6673
8295
98017
13468
46712
25498
55460
61623
30423
17370
83294
236
76448
66412
34088
24800
13968
14961
29433
70549
56164
45115
96199
13737
25726
94714
60922
47799
27414
72371
63265
44241
66522
45548
5500
36765
60768
64587
30574
2623
736
1145
7985
50018
27944
69942
515
48283
54922
89717
2229
25316
75730
96285
24975
81322
47066
95223
36287
34624
39653
89593
7035
92193
77203
34997
47555
16267
96215
64433
9814
83496
2861
69231
8225
31825
60900
84852
20364
1629
50625
53183
75768
94985
38642
59177
65235
81539
63076
58060
92770
50031
88995
73177
8108
31953
83015
92739
30101
3681
17487
70961
87443
71734
43861
41383
57800
30910
81738
92566
37582
4887
39324
71672
85028
10023
36635
39209
23047
91014
72714
89646
80502
19457
5194
17653
46117
69348
73591
91963
97922
88376
87014
37273
669
15376
80879
73043
49951
74114
13092
96991
23082
92132
47667
28334
37738
14011
89285
41917
3119
56196
70384
76931
94965
35467
39035
84961
42863
29392
81592
86848
62232
61979
32616
74103
37498
29437
10620
41555
809
38852
4600
60715
2498
11755
80673
55048
49202
16342
87893
43864
8399
5985
81095
18819
11222
82901
19172
27604
36785
18008
93900
94489
99266
47347
33479
28325
93714
7211
68071
5754
29637
12300
54914
79206
20565
24436
38580
58916
65011
29239
7127
17254
22116
9225
95894
53033
55118
31573
58920
50174
25900
44873
52524
57180
85150
18757
44025
52940
68375
68688
79004
23760
95298
67081
80297
17507
91771
10452
39625
35774
54662
81712
95756
59861
74785
5811
47659
645
22397
42837
15123
66815
27378
34069
7915
36796
15907
26341
81392
39874
32658
7879
78437
45629
99894
38097
89532
15189
7575
37335
25056
71700
92989
31542
40827
95652
53514
12213
35372
88114
53010
32170
33405
92159
61903
9050
82910
61033
36979
99280
89504
75379
6043
3619
93154
532
13443
85639
85611
31077
19671
70437
59244
50105
82483
30727
14533
44421
32537
61923
3909
51091
17696
56754
16338
33832
94980
85274
28000
99821
79995
91261
32844
71621
51577
44289
82562
36824
15258
56085
56641
4361
63220
36154
40552
97223
86110
56708
31465
66263
37746
31395
34694
47623
93181
81643
5510
83176
5724
89836
79417
65533
9523
21028
41253
53200
44276
81934
75776
74070
33674
70843
88167
96851
24525
89421
64046
63455
59579
76816
65661
78002
50927
75759
89436
80073
52083
8759
39218
4662
95927
65710
29193
69937
12968
48201
69541
31064
82617
15132
84989
75772
94718
39413
52721
78720
65570
82350
28361
56418
36986
28069
57757
58171
53696
22163
28834
30007
27104
95774
83966
19936
71006
3348
86465
18882
63347
10924
78438
65576
87335
82087
88691
36243
97405
56468
47919
70816
64942
79158
32549
31293
57072
59897
39520
27221
3422
9783
24522
74329
87739
63272
4737
88803
29838
5577
49140
59315
8284
83953
29001
32685
89328
62990
71093
77605
18609
46321
69687
19995
73993
84691
19726
83633
59151
71976
10003
70040
24343
95042
68600
32228
88116
15621
34449
59033
47464
23212
78859
45526
83475
53902
60957
13219
41024
82474
49540
50960
9269
59614
10713
55416
41893
79395
52893
9276
58652
46022
39020
48676
90133
68906
27667
66078
56237
47591
42171
42973
41898
18992
98533
19698
91144
141
51731
47971
70420
30041
50673
78282
65787
3245
98583
39214
15153
96147
43107
26981
14987
13535
39918
74354
70294
45301
530
66361
77783
56451
3538
86432
24714
56713
10520
13390
45386
78461
51937
62486
94778
57573
23345
58269
19238
88200
25322
4331
16769
67839
49599
26181
68054
23618
86245
11333
89974
83522
53045
94150
68545
62516
28953
13715
77139
21499
79558
41506
40839
94845
66549
74119
71626
95503
90498
77121
66595
9317
6938
68193
78462
56730
67928
46114
93497
89783
90476
33732
28267
38162
5015
8604
94576
97558
52379
8925
55731
52946
67022
59991
73284
30368
45653
58058
6080
55190
91871
5558
69992
67229
74965
15985
67935
86490
99867
76806
46976
9766
97115
59563
80991
53995
73079
31439
62711
91507
53636
60707
1177
24277
60300
70205
57409
82928
77072
95344
29769
7172
82738
33160
94131
31963
40203
14704
22243
73142
67816
27655
78826
28651
44472
75089
28279
59162
87735
36015
84340
71921
42721
39071
70028
41395
88827
517
88850
65242
1536
3658
26787
19521
37640
86171
35033
14937
89727
96554
27699
59281
12877
41524
61454
12754
21242
86104
18499
26955
21203
16984
13918
59255
32463
14058
73587
27620
32173
30572
71717
1392
67857
12565
10079
53078
58966
67738
29276
99951
23285
90008
24188
15105
40034
27739
27
32447
88253
95712
56501
47578
77491
22899
15600
27087
71200
80316
57080
7182
4562
93915
942
13172
49930
70799
38457
10048
64476
21257
54504
8077
66422
99319
80321
80543
11442
46921
94196
71642
60586
60058
54817
51990
73664
41325
39888
50473
8523
64683
37578
40082
95147
27230
69843
62976
5860
3272
71028
91859
54501
13812
26707
810
34977
89829
17199
62560
24872
29100
65648
59226
99853
85928
1384
57296
8929
2837
24852
59007
47657
12146
83177
18274
94565
535
24177
18051
29403
83206
14210
87027
4495
40241
1112
49383
38309
84917
55095
88218
11598
78165
72481
90843
90977
54409
5033
3945
76972
12723
45435
34654
42903
95626
5809
28797
42136
51628
52846
68420
46930
10231
64531
56692
10008
69102
2640
50436
59624
202
55681
13312
82512
62546
380
81138
24688
97861
42147
45185
38116
81544
34075
65291
62123
99792
4609
71428
98872
73158
4131
67827
23084
16985
95045
54801
78574
58684
57581
50769
17596
57636
8443
46409
46724
94834
70323
57406
76237
89610
12928
93217
17739
5086
59741
79626
10714
51375
57422
25370
15632
98861
22826
20596
35723
68313
7996
74382
51829
48122
70932
22024
71801
8715
92519
6070
29760
47318
62736
8718
15959
45884
80314
9924
23739
41726
22697
7899
52652
59544
92995
70786
83789
17512
35015
18412
18516
30743
96414
28766
1545
96827
6390
11006
26446
58880
44821
49181
27234
2935
22680
5617
40800
34917
92424
88204
79931
19307
34984
7018
11587
99409
55152
9552
64196
85845
92782
21731
69797
40429
17004
18916
89071
4422
68016
68062
69299
99502
3758
65606
50978
87066
4124
88049
48031
21927
82373
1044
36032
97575
65200
87156
77393
13072
94499
67101
55572
91955
63285
50301
37505
99591
88081
22156
46300
73040
54510
60316
42620
71440
26898
82227
37220
19826
2115
55912
78697
13518
96181
46845
84014
87757
60175
91790
50686
40490
36471
22630
27379
59314
20747
88994
52815
70809
58637
14712
28999
39551
33473
46919
46053
76616
24359
56651
42869
3703
97305
66510
87635
93727
6881
50837
74242
60268
55250
48107
20743
67060
26304
31331
37025
22451
50805
21752
37411
27133
30462
42335
23298
68780
16258
4642
56882
54892
25133
67609
8366
32038
97640
21992
89405
23850
60260
6949
64446
34730
81786
66946
97770
88792
62195
72889
36080
83092
64623
1781
49123
88428
17690
15784
39361
4511
86604
35194
11658
85267
77653
7969
44433
51573
94254
44147
1050
78460
18258
4926
37857
43358
19940
96591
27605
73333
34238
17822
99351
49765
63795
2265
29949
36553
36404
76408
1960
99480
14045
70629
71966
47646
15019
32574
44613
31969
47786
16362
27170
90647
31853
43683
48081
8953
53941
14917
83159
31041
57480
77342
16126
33955
74235
2185
77006
47858
14133
8009
87731
85551
16523
87743
38432
34975
99368
74800
53100
69114
47475
15355
49952
240
66952
49920
10722
16863
54229
87506
53059
8119
20144
3506
34294
87203
50646
630
16218
74691
25208
11919
5408
25945
45346
23790
75217
26951
2976
84601
15892
20900
48518
37919
19274
99026
68796
42034
44915
35688
97619
52749
53702
43538
7615
93137
60253
76322
70061
82814
13806
32867
98144
90593
97019
90462
34890
93114
35788
84359
87729
73853
32358
1877
43695
42852
39327
56907
77912
51632
29338
17624
81998
69978
15960
35500
93312
40254
99228
66603
96426
20302
30135
52533
26259
7482
91825
23762
52003
46482
9224
52107
46430
65371
53117
32916
83436
92849
17731
80192
53106
51271
70276
42367
59790
47394
33918
11270
35580
81856
46958
5353
17769
16760
95342
2519
44596
35201
99192
11701
95685
65051
70554
85672
77383
18502
5513
40467
95786
31865
78085
57992
33885
79703
94553
85940
99822
41340
52508
6829
70417
87279
61407
7813
75127
63920
53934
14005
93785
57259
63227
25800
42907
14576
11650
35608
95083
53558
86022
67486
87224
59188
55225
80945
14766
38791
97661
914
5872
25575
6674
74206
5148
1472
35413
3741
97212
87161
26548
18490
45659
80749
45499
3978
83363
43161
88971
1931
76050
68580
12561
37972
73794
94618
80625
77149
9100
12282
24815
43362
24657
38134
92272
43372
20441
26267
64288
61731
69974
41876
54781
46536
67424
28785
80518
54776
44017
72037
96396
64911
25731
16697
75587
18788
68371
23209
37945
78065
7077
76208
51166
3802
10559
4388
81276
73755
85977
51639
86242
71716
2845
60189
21258
29654
32195
95143
83547
5634
15229
35037
23318
85975
1739
63955
63293
12049
4864
25144
46127
61649
26821
50291
93469
19295
59838
6383
74077
14305
56582
94541
34400
80402
94872
92763
39407
70364
70617
92108
4096
69540
89491
31967
14458
5816
54405
39073
14722
20443
33738
42049
62980
76202
64038
19287
8768
94435
43230
31634
25677
29105
80137
24445
3203
49025
32174
83851
38352
49798
7658
65711
16640
93742
8169
10236
2952
73246
68234
98600
24476
96221
88983
19965
93364
38169
38041
29782
38251
47430
1035
22284
77043
65126
22447
6426
23716
77435
73128
19497
87300
2655
629
67446
90943
44452
5891
12801
42683
55422
68245
34887
14814
44224
96624
22669
41099
88177
88517
67901
2542
96861
2673
70590
93660
13745
30137
81631
40565
30673
37168
68086
57086
11025
90213
42444
61865
90954
26388
88111
20058
53837
44194
21084
63621
95587
43993
34435
79819
2087
34395
14780
35557
81143
153
94859
22533
80605
6768
32401
72699
18324
77477
29763
25387
24439
48592
67672
3660
28482
17226
93613
41050
89724
23594
18870
77123
76293
87837
87924
90832
33784
634
37051
38727
8539
21894
12337
41347
57033
78146
94005
66660
12303
12251
38794
83183
15337
61598
92006
24835
31818
51229
4172
39041
267
581
62542
93842
16622
66700
85901
37680
70072
37764
34780
21362
18730
40204
20108
44670
90418
70934
21583
54129
43132
26557
83499
82712
72347
68801
59674
67302
66292
11391
94523
47050
92727
28659
87021
29865
81054
16941
37782
74162
74465
10178
67095
6274
30176
16166
28046
70496
80659
86056
62417
51703
20010
8726
89774
71936
27950
90413
1297
95773
25490
39475
65466
11164
69287
17635
90304
6392
58925
22459
36035
94017
73534
80619
90388
50875
10671
89022
94931
5930
61877
5770
45103
60748
87970
42809
11078
785
3279
44638
55164
9135
29206
50777
37623
1021
84208
35546
44393
12424
47219
51181
94321
71837
64520
15167
39553
47860
8223
10999
54711
86418
80102
71135
22449
54495
72431
33385
68345
82587
24574
5065
36234
25276
60514
62724
51539
36422
23561
7709
31687
47511
93050
29357
70444
83618
4632
47083
52753
73212
95352
61695
30674
76188
52866
3296
23482
33789
15067
15740
7231
34115
72505
90858
80200
85148
40572
60451
19906
47092
59831
29810
25622
75548
63006
64994
60014
72376
79165
55653
37291
64691
50767
84221
12371
88947
34928
71552
87316
56038
37284
8835
10678
36850
71065
11588
59437
30600
39287
25529
16950
36990
66139
96419
24209
94380
34824
37147
35902
29866
58674
51029
83353
9393
29234
28725
23802
78337
20312
70244
77930
2182
40825
84356
12185
34721
46128
45639
37880
96060
20362
84545
20295
66916
52448
87390
2156
15778
23183
65444
51444
42268
61176
64841
34843
62163
32864
85821
76679
90825
6520
88169
52965
85811
35115
21544
39548
57937
47277
79866
85237
26346
47350
19567
11731
26783
23705
35094
34507
85306
14733
12465
75819
86688
89277
35460
7710
70349
27942
70872
72107
84783
472
24457
27019
20165
63294
40156
91418
52315
80994
11778
5494
64837
31918
20437
99596
53315
53202
63865
97662
27397
88811
19327
9263
8082
92244
41546
52199
72906
5781
93850
686
98866
77843
46418
72103
27966
75908
24309
26392
44892
96936
71763
89178
43684
97627
31106
19564
46816
9042
80141
12463
94090
79038
43929
10083
67517
23013
97950
92259
64877
32114
51408
13542
29389
13885
62260
48286
39423
12116
67244
18222
70257
56216
85887
88471
34206
66274
17780
19267
75533
10679
92608
77260
3745
16261
12170
1088
70569
2319
45831
20973
76461
39769
71218
3902
31683
40442
2930
34492
3632
34515
27836
93889
57292
75615
97876
57643
5157
49813
18931
63705
70475
85927
63355
84046
90630
30450
69597
29629
86522
97751
15667
41231
43599
31430
96160
81265
89138
88882
61836
98163
11181
48570
22006
51872
60980
98412
71156
88527
49087
18816
74708
10780
89641
6614
60307
59562
99988
47509
23361
83809
32917
93675
55367
35349
12155
83045
67366
99645
28132
79284
35573
80090
25961
17571
45186
54696
22043
72149
43884
69987
65862
3528
37806
76837
75239
25766
30584
38414
4692
38056
19426
33319
45729
82473
32979
47712
14685
13104
56147
66688
1441
55958
70630
34463
68298
69649
85502
24097
46918
65146
45678
94697
41145
50116
21199
16161
3638
73929
15555
6927
63605
70153
41123
5968
66150
41361
14700
86856
33197
92885
12106
42690
72668
45478
64431
50481
799
71322
17435
59336
91074
50122
88766
74886
39861
18598
14490
95473
11356
12804
79449
72567
54364
26641
3960
48159
17135
58407
49900
60012
74284
86114
1294
25739
69175
17382
63906
41205
127
29579
23199
90940
88516
99593
84009
80838
77765
83426
23976
55773
92040
76621
14749
10214
5222
2318
72842
44918
2299
42484
70100
5528
56391
23677
12959
93203
6419
43887
11767
23031
76603
66523
93981
14698
94438
67769
48449
69406
12037
33834
7591
99732
31677
32351
28264
49119
63797
65309
14702
6218
44026
72920
43645
15725
35592
29365
3872
74692
81944
27116
91626
74751
41541
3093
37765
91041
37281
82517
93202
24194
89505
67669
89176
40892
44495
44980
52941
35043
75546
61928
73006
97943
92700
4173
72969
16432
47875
35518
92892
85519
55598
19008
63714
17920
61380
57741
83678
70164
80815
72733
31271
61815
15516
20542
11737
49027
61715
58626
19635
42402
68710
32274
82647
94847
68448
18607
62807
7538
13235
94461
17788
84050
53625
86886
92818
61915
3781
92179
90933
81434
1705
29390
98704
87043
57302
33048
45535
4696
25244
76917
13057
44545
59485
14031
257
60954
58997
8612
5376
19175
94682
97841
83057
32863
72343
45101
75750
22349
86158
63668
24116
33850
52850
46183
84912
24629
77936
55903
87922
9767
63033
73297
9739
45007
5267
80279
75318
48137
35827
63699
22716
85269
3131
81971
44789
8255
56071
90809
35376
24579
71816
79751
90665
9884
52164
2523
1328
19851
14882
35235
25400
57350
15993
90018
40542
86585
7847
14412
51099
4667
19539
19898
54577
34086
19847
84727
41580
97127
55663
81194
62479
41611
80467
18401
87265
43326
61483
17971
32092
13337
32498
86823
81028
99214
74835
43193
21122
95663
52025
37161
23127
31924
91877
64372
1214
15726
33878
38807
65780
95542
29236
55437
73824
17708
28703
24250
60873
98147
45288
48783
39952
93380
14072
89471
25290
61225
68740
73282
16715
50382
43688
99448
35210
81189
12605
13387
20493
83413
87092
40788
84401
70187
80810
80165
93898
36279
13054
30452
67115
66925
93536
45015
50699
31489
39686
10167
4769
33867
63035
23414
15716
74265
4182
78136
22292
89086
75573
34861
45056
34225
15050
1634
54427
352
29647
94735
29508
82042
20458
70739
46621
9170
80031
31171
5428
17436
58709
90308
43858
29707
33418
73007
33656
66215
28493
39734
6576
85085
88122
55110
26600
85980
86631
34636
93811
81109
53246
33852
57869
98597
99891
99952
28008
73414
13069
34059
2389
86420
9511
78880
30990
15587
69267
98871
96669
44209
35867
73097
29687
30300
32157
77983
87454
9560
99288
75327
38243
5622
2328
55557
77986
55855
52643
44755
66548
87187
40382
449
68271
48980
64181
18423
11364
44511
34933
82522
17688
85126
219
11305
81406
32706
84832
94395
15451
74677
24336
6115
24790
97866
8360
11956
30594
23053
90606
2432
78208
48038
18876
10540
1546
53821
78719
72417
94067
17303
26461
9615
92524
86498
97972
77708
47304
59549
40672
40498
3073
20864
36971
22968
4316
7546
81834
56173
9243
78378
6620
37056
26762
12486
79690
96122
36780
1300
8407
91960
13335
27214
73219
64662
45575
82247
20996
83797
64365
74294
28661
27887
88899
19213
97743
65118
82638
10976
31966
50807
55508
96657
48116
52615
58929
73655
79763
32615
27524
97636
98770
62234
73648
70411
66703
24537
2777
95109
18263
58458
85737
36148
46664
34052
30687
80159
11892
46251
18424
90698
89369
49480
44565
54015
99198
32902
32891
49148
60939
93099
96819
77807
7772
59695
71967
11152
9712
70063
72238
70286
69286
26465
48936
27815
52898
96673
88968
59159
46687
12558
31362
76407
58073
73310
67309
14684
43113
9598
94929
83260
88844
87565
5245
43983
49056
67211
48479
85493
2399
85245
98434
17286
74711
96691
87520
96329
32983
19235
22287
18627
97119
28025
5069
23263
92844
39367
62151
69788
76346
30131
73013
73749
24670
14130
92596
69694
33232
40005
62994
57655
83807
39247
43363
5411
99841
79045
41733
47582
21194
20332
79925
11225
38790
8724
75729
70066
55184
71364
96014
51382
14147
46450
33217
3722
47271
62181
26424
4835
88659
91066
185
19148
34900
26281
93216
78862
92928
1947
70591
82758
83202
5243
1120
83537
72243
29532
61996
83141
46305
38886
77145
98536
44221
52471
29046
13367
68666
54395
90907
11973
97317
67831
25569
17544
20419
82889
81575
46589
69821
34025
97498
60943
74144
40526
91518
97597
3002
26335
52080
31522
15747
998
71139
99785
64653
533
44339
17280
82388
36485
548
5268
10068
82934
61829
99927
59969
79579
18058
90400
15095
77551
10089
37816
60363
28863
2192
35310
12017
88233
83208
59810
65583
99770
13763
61572
20796
32652
5468
74110
96093
50107
35661
32928
82158
45471
67787
90452
7776
66608
27473
64082
26767
42675
35400
50534
92900
82085
23724
73817
97121
35961
55612
13896
33620
29308
89387
9121
40858
87592
36609
61789
10957
56222
16356
57814
86037
11323
402
49567
5869
27411
263
88197
68235
68965
93041
47346
32639
70213
62381
85562
31766
39840
15466
85233
58670
14362
78769
74546
9392
33805
97774
64524
37188
8442
17615
8769
43284
8149
27711
51006
42783
14534
14824
69490
30735
38237
63305
26872
63464
84981
92404
18588
52910
43772
59767
64190
61249
71170
36172
28014
93006
92914
21435
92233
32820
7649
78255
7338
34751
89081
6386
18647
60366
36536
36504
38696
75787
19063
17918
97496
33032
54214
78894
59660
58391
79569
51056
17503
6956
31433
54519
54489
20943
89333
41017
53742
6664
74572
86311
84268
41417
29304
14441
62150
11769
74063
84065
60500
31669
80075
57478
29452
63851
60359
28243
25786
65411
24667
27679
80725
87369
30088
18030
29698
33923
18388
87350
45381
44911
3206
14546
65033
65747
94026
80164
75478
9095
37239
14319
61332
37097
60219
64171
2565
7562
1437
94057
16291
49102
53349
13377
26918
95874
48962
10880
98869
8261
8796
63312
81657
5263
61307
97291
91677
17511
16203
91273
61048
19608
5966
28893
21285
45749
81678
64810
73371
34569
89470
78072
2787
50620
13303
95486
34165
13265
52256
24400
33325
27408
19440
36645
98691
38317
4995
96192
31804
53442
58449
6496
58147
66390
36738
31070
96306
50752
33692
33734
29491
70952
96926
55902
29150
78244
84451
88292
50331
77745
55802
50645
81071
66343
19341
10569
24797
20366
36596
3184
42302
61857
17714
93879
93755
23661
20862
54604
37344
90216
38152
67944
85809
54442
13105
93466
45577
81163
61257
50276
56374
89988
1890
36216
68930
4768
90408
45803
89798
52703
35240
7736
42251
69837
46221
88324
4475
52985
70065
25016
63232
22298
39455
59596
5147
98965
81372
94035
97118
32438
65963
19715
76418
77772
2962
27967
73887
15030
43491
18372
25760
58983
36639
92120
27893
86094
37009
60106
2719
49548
67996
58820
47594
58686
39534
47247
8012
7306
44866
37184
49404
11560
89773
13271
73727
68445
68
70547
11452
43673
85630
38048
76169
94640
97808
30338
68781
92810
97314
27865
96750
73053
13458
61856
79199
25614
95010
56804
91553
66471
60603
29585
82725
83430
32570
20227
80444
29339
2356
93541
91972
45312
92861
14265
66438
67883
90682
42298
41246
46339
65465
7037
52082
93134
52284
25956
54233
11989
84816
4746
51972
87540
25374
78939
11556
2162
95374
62248
97970
81928
11228
16802
19750
58897
90947
50824
17192
84484
64309
46468
69627
5778
88456
55694
80688
16765
39621
20339
69466
7571
56339
57784
93577
94459
56672
42295
66774
51301
41695
98712
38901
41476
12622
73122
69001
66961
62578
94773
66890
31641
79107
97897
56703
5374
35238
5947
63302
50019
44930
9115
24827
37961
40212
16651
11057
67492
9747
72247
72067
15711
16736
56257
84494
80679
54969
80329
58810
61196
52655
95780
41930
81381
21940
5095
31002
65034
84649
28129
247
39301
11026
22589
14016
1946
89763
17369
82656
65053
23559
19491
72518
99990
45842
22692
36719
90691
43497
26458
18883
40636
59942
69422
41928
74021
67311
6197
79984
76704
26231
3148
13751
55470
37499
32101
35882
95234
10533
85300
87376
11107
36992
91498
24980
66334
42477
17999
66313
61014
21915
63767
19522
7572
97702
36163
89529
28634
56635
28390
16180
75418
77138
54411
80861
56377
73209
5149
69634
68843
67929
83579
9990
96136
47033
13859
91640
60858
68577
43145
19563
16923
70842
73471
58427
76347
73979
33247
34767
26613
23685
24888
89146
52722
6744
71753
90487
13000
62357
94789
39559
57003
13109
32107
86889
7596
51365
88234
32227
62156
31272
87007
88929
15758
68943
5727
37186
5288
62485
13623
58387
90815
12522
99734
35868
97784
91005
72333
48794
70016
48988
52464
70938
9045
5906
7030
90155
79801
33081
62884
79182
46074
45315
54469
20161
39237
13734
49985
24577
24994
12091
61690
76115
61373
45744
53267
30513
18949
15713
20427
78923
15780
7081
40752
48131
89881
59941
61837
83256
22593
298
90424
81285
89416
53226
44585
38779
67063
26057
18785
74903
19721
45990
31228
43032
11690
91344
22543
1127
75029
84634
8767
60652
94709
66769
35412
54324
79409
38919
17585
67519
41352
63070
82971
99325
57450
77136
97321
77667
10034
2774
54913
26915
52041
26419
79310
28037
78611
70085
68970
1708
75007
43262
44692
51059
5030
44365
48832
24877
55549
33049
56052
36146
13731
75782
5678
45984
93292
5619
85113
48566
53997
94197
5398
71368
49075
8333
3276
81417
82739
12161
52892
42161
85635
15297
67922
37423
14643
90454
14023
97736
15348
39029
99667
20110
773
32322
99046
50205
4310
86803
36804
19632
20603
73580
5142
41306
36722
96689
47276
52580
88041
36880
28898
63435
67076
92005
17901
24324
39735
33562
4639
97301
2038
65581
59078
34581
16634
86957
31872
87154
91478
28813
41327
28988
95242
20872
2214
19769
48476
64343
147
27879
34191
80035
5043
33314
95918
57551
5928
29675
40534
10234
4017
87856
3675
2627
2134
98809
9616
72220
59619
79621
11968
89812
86581
80199
59524
92933
18226
45307
68744
52148
53910
96318
3730
55277
67589
39153
30108
76278
47340
43172
44450
53908
93964
82270
87865
46149
39930
91335
52090
19912
22319
42779
50187
94423
20907
26279
1911
80806
86738
20351
30155
65041
51758
20742
65017
66278
58145
63264
91676
51427
22310
1139
47041
40297
56396
91688
19471
19169
78994
1278
13951
19745
38157
52607
1229
65852
49848
94028
2300
22555
45308
23968
45365
70670
39642
279
97672
62058
90578
82455
34702
7863
44436
76419
36235
16092
54625
9139
32931
7972
77241
72552
55552
87395
73027
22247
85812
55768
98149
72083
97584
22077
96197
89604
10829
68979
17056
56120
12537
90931
77744
42609
73244
78292
11410
45010
5350
30567
26451
66963
7804
57236
50305
37998
76270
36868
61955
71342
43348
5884
5071
79022
20489
56042
65186
29285
52036
25323
15137
67498
97731
16420
65738
79219
44805
93970
43352
99522
72744
35417
56260
55730
99639
36565
48419
12101
21359
90360
9633
7484
7367
97022
41864
93836
9281
39925
71234
30710
12493
44903
25211
95500
45705
76307
97343
27097
70341
14043
43270
41105
51335
25376
90189
15013
68579
3540
51300
60985
91701
35828
57823
47042
38140
70804
22362
98613
76659
51700
47232
40183
50698
5021
24825
2954
76990
51942
76048
10758
81142
5596
85186
68938
79655
3569
80126
32333
58587
30005
55451
99136
21688
42646
68119
70092
17991
53579
89903
70249
25633
23321
93297
1831
75971
79347
34629
18385
37891
76082
5293
49717
21151
17357
56675
39359
17253
78735
98735
57543
6874
28249
65586
12976
42467
82111
34446
74963
89335
49253
42581
42264
1099
32139
32009
93626
68157
55003
21348
57062
20961
83911
37421
13307
56524
54729
12767
26140
91193
97365
59036
85395
55155
20709
47072
21867
19255
16393
61647
14157
98609
68559
41701
79551
9116
4920
81474
92953
3025
77404
9996
25328
81364
25789
61074
10444
87075
62845
13473
78365
13019
29608
6381
16243
66069
77230
95047
82033
82448
21483
2775
49938
36238
61988
92026
59361
92521
77937
82880
97711
49453
82642
22194
8080
25216
70686
25351
76165
94306
13121
64838
75381
56906
72471
17840
57885
48455
79627
35129
43984
6370
31062
6629
32263
66789
51185
66432
99724
15037
44180
50578
62962
66480
93136
83546
28949
36807
84786
68652
93844
52623
4885
52370
42537
26405
36068
41375
36027
9528
87432
69691
693
53820
91919
99663
98973
84639
6591
57852
58759
74319
71616
67183
2045
89986
43596
7258
97506
91910
66528
41119
58339
48580
28745
52294
16721
95063
7619
77562
38475
13434
26753
16027
83667
38011
193
52974
14399
24157
59826
11224
3289
2357
36538
6497
30530
53433
45730
21097
64271
7542
11725
13277
95128
45867
60215
45921
58543
35051
70025
33147
4098
55545
54880
83157
66016
5144
15839
48647
59889
97556
73393
80485
79810
90125
45757
74784
78042
41734
58793
44255
63625
55934
70737
92456
90631
84778
95884
17
59240
42975
78176
54084
98129
90117
80002
73898
62345
91826
10677
13828
12298
26521
57427
14542
25978
46673
34956
62927
55919
7726
1970
62929
60824
77748
37010
64681
40876
71319
19204
76694
66393
43448
52308
66457
45988
63476
33342
73467
68508
19560
90094
14178
59309
25510
37289
17468
83698
47568
93802
65163
53834
30055
99649
79166
3012
35012
74566
42461
50867
52200
70196
85219
8943
95834
8010
51542
47836
8107
93843
80290
35520
1537
17277
18913
22325
68743
58038
4569
88911
15759
17760
34998
19523
8317
79525
17422
30157
22385
95617
71724
11939
32936
64904
68030
57300
95137
13750
14539
51144
52332
67416
14553
61085
64380
36709
86010
24757
79326
40729
95466
29367
24017
39693
60131
37544
8347
30652
32754
38713
59985
19956
72072
3029
34568
66011
50547
49151
11428
7255
89428
4909
4968
74433
38521
24660
88472
56067
